0 1
0 214
0 289
0 115
0 116
0 2120
0 246
0 247
1 214
1 247
1 116
1 115
2 3
2 42
2 458
2 519
2 2308
2 2349
3 520
3 519
3 1359
3 2007
3 240
3 157
4 5
4 610
4 1083
4 1557
4 72
4 659
4 660
4 1766
4 773
4 772
4 801
4 2312
4 1834
4 2403
4 562
5 1083
5 659
6 7
6 1181
6 1660
6 1395
6 854
6 704
6 982
6 853
6 179
6 496
7 236
7 496
7 176
7 451
7 854
7 1181
7 262
7 853
7 1395
7 774
7 2181
7 704
7 1871
7 2247
7 982
7 179
8 9
8 274
8 78
8 444
8 378
9 661
9 916
9 1048
9 377
9 968
9 1338
9 1529
9 1962
9 2180
9 2210
9 148
9 1125
9 650
9 970
10 11
10 1314
10 1444
11 55
11 1314
11 2283
11 464
11 22
12 13
12 631
12 616
12 633
12 692
12 1006
12 1384
12 2109
12 862
12 617
13 1308
14 15
14 60
14 114
14 276
14 487
14 836
14 981
14 1233
14 291
14 169
14 583
14 1787
14 845
14 290
14 2076
14 1983
14 1401
14 2273
14 1905
14 712
14 2423
14 482
14 2372
14 1855
14 1570
14 518
15 1026
15 611
15 2031
15 50
15 1361
15 113
16 17
16 682
16 334
16 1322
16 1612
16 1999
16 1240
16 2414
16 333
17 794
18 19
18 481
18 1856
19 481
19 305
19 1513
19 1334
19 1644
19 127
20 21
20 71
20 227
20 493
20 699
20 826
20 1071
20 1210
20 1089
20 484
20 1411
20 711
20 1546
20 1116
20 1680
20 978
20 110
20 1144
20 948
20 277
20 2172
20 1712
20 182
20 1555
20 299
20 643
20 483
20 1131
20 1895
20 102
20 2474
20 755
21 1144
21 78
21 1555
21 699
22 23
22 216
22 317
22 357
22 550
22 559
22 745
22 560
22 200
22 896
22 918
22 928
22 1100
22 1254
22 299
22 307
22 1409
22 1505
22 906
22 1605
22 1613
22 1642
22 1699
22 1343
22 1764
22 1350
22 1815
22 1829
22 1050
22 1933
22 1218
22 1459
22 1282
22 152
22 1317
22 1356
22 2155
22 1455
22 629
22 364
22 2209
22 1054
22 211
22 1852
22 651
22 2332
22 1861
22 513
22 1422
22 1628
22 749
22 2400
22 633
22 948
22 215
22 624
22 1633
22 53
22 1023
22 569
22 1397
22 2066
22 1753
22 2391
23 1932
23 2249
24 25
24 972
24 361
25 56
25 972
25 851
25 852
26 27
26 446
26 768
26 841
26 1301
26 602
26 1300
27 1018
28 29
28 40
28 252
28 302
28 1261
28 1001
28 1032
28 1071
28 188
28 189
28 1089
28 102
29 849
29 384
29 2020
29 381
30 31
30 432
30 609
30 640
30 774
30 818
30 1075
30 1176
30 1374
30 975
30 271
30 1657
30 1329
30 770
30 1965
30 2105
30 467
30 2164
30 1470
30 1092
30 2246
30 2066
30 2267
30 1207
30 1753
30 1812
30 479
30 536
30 1927
31 751
31 2316
32 33
32 1561
32 2272
32 2278
33 78
33 1285
34 35
34 1146
34 734
34 1474
34 1454
34 913
34 1130
34 437
34 76
34 757
34 792
34 1421
35 202
35 734
35 792
35 913
35 437
35 757
35 1474
35 1454
35 1130
36 37
36 141
36 562
36 667
36 221
36 1231
36 605
36 606
36 349
36 255
36 339
36 1986
36 369
36 878
36 72
37 368
37 442
37 256
37 72
37 221
38 39
38 257
38 431
38 1017
38 1575
38 891
39 389
39 1275
39 1563
39 811
39 253
39 2422
39 1063
40 102
40 1147
40 103
40 302
40 2301
40 165
40 270
41 42
43 44
43 590
43 1980
44 589
44 1980
44 1653
45 46
45 656
45 1399
46 49
46 341
46 1061
46 1399
47 48
47 1221
47 806
47 823
47 1256
47 354
47 2367
48 348
48 419
48 806
48 1133
48 1264
48 1767
48 1256
48 2053
48 2022
48 1762
48 2348
48 535
48 2367
49 50
49 145
49 614
49 809
49 83
49 1973
49 342
49 82
49 169
49 1921
49 1831
49 1246
49 2379
49 1796
49 2167
49 2031
49 857
50 1544
51 52
51 861
51 1616
52 1964
52 78
53 54
53 1085
55 502
55 464
55 296
55 1624
56 57
56 1097
56 995
56 1938
56 262
57 262
58 59
58 1311
58 2087
59 1058
59 1257
60 2273
60 2372
61 62
61 318
61 2034
61 2443
62 72
62 1651
62 1734
63 64
63 877
63 1159
63 1507
64 445
64 1049
64 2236
64 70
65 66
65 1865
66 985
66 454
66 250
66 1683
66 442
66 2216
66 1252
67 68
67 841
67 172
67 1045
67 1046
67 1867
67 764
67 1974
68 1867
68 1045
68 1046
69 70
70 1049
70 508
71 1721
71 1813
71 2184
71 260
71 505
72 73
72 108
72 158
72 257
72 295
72 359
72 372
72 380
72 510
72 401
72 557
72 581
72 402
72 615
72 645
72 716
72 749
72 531
72 728
72 793
72 812
72 267
72 835
72 837
72 878
72 887
72 894
72 727
72 960
72 1022
72 1030
72 1112
72 1114
72 1121
72 1124
72 1222
72 994
72 783
72 356
72 1390
72 331
72 1401
72 1414
72 1436
72 1448
72 1492
72 630
72 1123
72 1516
72 1517
72 1525
72 1590
72 1014
72 1029
72 1582
72 1659
72 166
72 937
72 187
72 1715
72 570
72 606
72 1774
72 1789
72 1833
72 1862
72 724
72 1889
72 90
72 797
72 1722
72 750
72 1944
72 1947
72 221
72 800
72 1515
72 1987
72 1740
72 1540
72 409
72 1533
72 1697
72 1881
72 1350
72 332
72 2004
72 2044
72 924
72 2093
72 338
72 2087
72 1537
72 2110
72 2139
72 945
72 1313
72 2149
72 2151
72 537
72 1388
72 1438
72 2185
72 2196
72 1319
72 1829
72 212
72 1680
72 310
72 2245
72 1203
72 838
72 116
72 497
72 2141
72 2034
72 2156
72 917
72 1875
72 253
72 124
72 163
72 150
72 2074
72 213
72 1765
72 2342
72 1206
72 340
72 1880
72 549
72 1360
72 1311
72 2254
72 742
72 1376
72 264
72 2179
72 408
72 1059
72 2403
72 351
72 1912
72 872
72 2386
72 226
72 562
72 1157
72 1485
72 664
72 931
72 265
72 2338
72 1968
72 98
72 263
72 873
72 2219
72 165
72 2265
72 2123
72 1060
72 1175
72 1255
73 124
74 75
74 341
74 620
74 1244
74 1106
74 1839
74 1806
75 275
76 77
76 1421
76 1454
76 1312
76 1975
76 1976
76 397
77 1976
78 79
78 211
78 365
78 492
78 588
78 600
78 651
78 831
78 1047
78 1153
78 1239
78 1282
78 1375
78 1433
78 1494
78 1561
78 1150
78 1604
78 1743
78 703
78 1770
78 862
78 1051
78 1409
78 1845
78 2010
78 1852
78 2023
78 799
78 813
78 896
78 1413
78 1151
78 2253
78 679
78 2291
78 1815
78 2210
78 1023
78 861
78 1613
78 1024
78 2359
78 1964
78 1070
78 2381
78 2109
78 2385
78 953
78 463
78 2390
78 1977
78 1144
78 635
78 2387
78 1584
78 2209
78 200
78 2437
78 1418
78 2446
78 821
78 1368
78 2456
78 1793
78 947
78 1555
78 954
78 2121
78 1745
80 81
80 381
80 1269
80 1013
80 1401
81 253
82 83
82 1120
82 656
82 1274
82 1672
82 1831
83 97
84 85
84 1027
84 1327
84 1278
84 532
84 2203
84 2302
84 1761
85 222
85 1761
85 2203
85 1277
86 87
86 1283
86 1688
86 2416
87 1688
87 868
87 2416
88 89
88 980
88 461
88 639
88 699
88 1033
88 102
88 802
89 639
90 91
92 93
92 1982
93 1981
94 95
94 1411
94 1400
95 1400
95 1879
95 922
96 97
96 1905
96 1387
97 317
97 1403
98 99
100 101
100 1574
100 1315
100 1254
100 1314
101 1254
102 103
102 182
102 270
102 461
102 538
102 554
102 717
102 165
102 791
102 895
102 252
102 1034
102 1189
102 1335
102 1345
102 166
102 1439
102 1469
102 302
102 926
102 755
102 1426
102 919
102 1745
102 493
102 1850
102 1025
102 365
102 1147
102 699
102 1916
102 826
102 1211
102 1348
102 638
102 261
102 1071
102 980
102 1031
102 2046
102 2068
102 189
102 1807
102 1089
102 1958
102 711
102 1752
102 768
102 269
102 2206
102 1813
102 307
102 275
102 2243
102 208
102 1908
102 1712
102 2202
102 2301
102 1001
102 978
102 2229
102 207
102 1999
102 910
102 715
102 948
102 1186
102 188
102 2442
102 2468
102 395
102 867
102 1546
103 165
104 105
104 1197
104 1656
104 1830
104 1232
105 1992
105 1878
105 327
106 107
106 199
106 410
106 1135
106 2363
106 320
107 320
107 199
107 1135
108 1255
108 666
109 110
109 245
109 1359
109 438
109 2127
109 582
109 1118
109 2026
110 245
110 639
111 112
111 736
111 1188
111 662
111 505
112 292
112 695
112 755
112 973
112 1152
112 1296
112 1637
112 653
112 282
112 730
112 1676
112 611
112 1626
112 411
112 761
113 114
113 848
113 1316
113 1361
113 2339
113 1383
113 1776
114 1026
115 116
115 247
115 289
116 630
116 1516
116 1174
117 118
117 394
117 1008
117 1220
117 1161
117 478
117 458
118 478
118 1126
118 458
118 2389
118 1689
119 120
119 298
119 1358
119 1819
119 2108
119 2257
120 889
120 936
120 1285
120 298
121 122
121 400
121 834
121 703
121 578
122 400
122 1457
122 1768
122 1467
122 2346
122 834
122 2046
123 124
124 664
124 1263
124 1846
124 310
124 401
124 164
124 338
124 1517
124 1515
124 728
124 1944
124 221
124 1533
124 2123
125 126
125 192
125 1245
125 2115
125 1459
125 1326
126 559
126 2115
127 128
129 130
129 710
129 222
129 2366
129 157
130 1027
130 1656
130 416
130 1050
130 559
130 1138
130 1052
130 2132
131 132
131 579
131 893
131 952
131 1425
131 915
131 537
131 1218
131 319
131 2381
132 466
133 134
133 207
133 1902
133 2480
134 330
134 826
134 392
134 687
134 1961
134 626
134 999
134 395
134 554
134 998
135 136
135 423
135 1316
135 846
135 1383
135 1258
135 1565
135 1595
135 2079
135 1597
135 2148
135 1168
136 1675
136 958
136 1257
137 138
137 1135
137 508
137 594
138 428
138 2106
139 140
139 171
139 169
139 464
139 2163
139 827
140 760
140 323
140 239
140 1291
140 1367
140 169
140 171
140 2163
140 516
140 1782
140 1279
141 142
141 221
141 325
141 2034
141 368
142 350
142 369
142 667
142 2219
142 945
143 144
143 808
143 1005
143 2160
143 1899
144 508
144 594
145 1274
146 147
146 578
146 632
147 744
147 832
147 1631
147 1903
147 2013
147 1762
147 2045
147 175
147 1567
147 578
147 174
148 149
148 650
148 970
149 650
149 968
149 1338
149 1048
149 970
150 151
150 187
151 350
151 833
151 562
151 1360
151 1862
151 339
151 964
152 153
152 1422
152 1628
152 215
152 216
152 1053
153 275
153 1151
153 1627
153 1053
154 155
154 1954
154 2195
154 875
155 451
155 726
155 875
155 1593
155 1954
155 2195
156 157
156 469
156 543
156 240
157 870
157 469
157 785
157 1679
157 1684
157 1791
157 1897
157 293
157 582
157 2007
157 1589
157 1780
157 397
157 1914
157 2086
157 1359
157 1103
157 1128
157 709
157 741
158 900
158 1157
158 2207
158 319
159 160
159 441
159 717
159 483
159 495
161 162
161 1427
161 165
161 388
161 1859
163 164
163 1206
163 2269
163 213
163 1485
164 213
164 1206
164 2218
165 166
165 187
165 523
165 383
165 978
165 1002
165 275
165 1674
165 1710
165 1380
165 1189
165 257
165 372
165 1335
165 524
165 263
165 1958
165 1426
165 2080
165 1745
165 1987
165 1132
165 1099
165 182
165 462
166 547
166 987
166 668
166 1774
166 702
166 1237
166 713
166 1121
166 356
166 355
166 662
166 1984
166 1650
166 330
166 581
166 2395
166 2151
166 663
166 694
167 168
167 169
167 935
167 946
167 1229
167 934
167 1279
167 1240
168 934
168 169
168 935
169 313
169 899
169 915
169 579
169 1168
169 518
169 1595
169 847
169 1544
169 934
169 1383
169 935
169 612
169 2376
169 516
170 171
170 250
170 652
170 454
170 1456
170 2057
170 979
171 1416
172 173
172 343
172 513
172 1328
172 455
172 740
172 2099
172 2111
172 479
173 771
173 281
174 175
174 439
174 1056
174 578
174 2200
174 1323
174 1567
174 1308
176 177
176 1196
176 1396
176 1077
177 509
177 1268
177 683
177 1487
177 1465
178 179
179 362
179 271
179 982
179 1395
179 1579
179 1396
179 855
179 1741
179 854
180 181
180 735
180 2032
180 2133
180 930
180 929
180 1370
180 843
180 362
180 1371
181 358
181 1606
181 2147
182 2085
182 1071
183 184
183 536
183 589
183 1840
184 501
184 2333
185 186
185 1040
185 1007
185 260
185 1380
186 1177
187 263
187 339
187 450
187 561
187 257
187 537
187 1388
187 2260
187 835
187 1213
187 1414
187 1525
187 932
188 189
189 2130
189 717
189 2380
189 269
189 2068
189 252
189 926
190 191
190 447
190 512
190 1362
191 611
191 979
191 2466
192 373
192 2171
192 1723
192 2397
192 2478
193 194
193 1636
193 1103
193 1104
194 552
194 1132
194 1636
194 1702
195 196
195 198
195 767
195 1541
195 544
195 2002
195 578
195 766
196 766
196 1797
196 544
197 198
197 1979
198 1091
198 1541
198 1631
198 767
198 544
199 1135
200 201
200 2161
200 692
200 2323
200 1051
201 2323
202 2336
203 204
203 1272
203 1113
203 606
203 2265
204 1113
204 773
204 1766
204 660
204 610
205 206
205 283
205 1349
205 1184
206 1366
206 1881
206 1349
206 2083
206 1537
206 1687
207 208
207 302
207 910
207 1025
207 1348
207 867
207 1186
207 1752
207 1040
207 1908
207 639
207 919
208 374
208 1908
209 210
209 975
209 485
209 2021
210 483
210 485
210 1752
212 213
212 1485
213 401
213 310
213 1213
213 1643
213 265
213 1533
213 2004
213 531
213 434
213 1492
213 1525
213 435
213 264
213 1059
213 1880
213 2418
213 2218
213 1722
213 1515
214 403
214 247
214 2120
215 216
215 250
215 864
215 1841
216 569
216 1054
216 1053
216 1422
216 1397
217 218
217 2050
218 1021
218 2050
219 220
219 518
219 494
219 222
219 1288
219 1232
220 222
220 1625
220 1131
220 1056
221 1388
221 1175
221 369
222 1131
222 1288
222 1937
222 2132
222 416
222 1742
222 796
222 1625
222 2125
223 224
223 2228
224 800
224 2310
224 1766
224 2228
225 226
226 1440
226 1209
226 1987
226 2258
226 1210
227 275
227 588
228 229
228 1038
228 2037
228 1805
228 1887
229 1129
229 1498
229 1805
229 2037
230 231
231 1259
231 293
232 233
232 580
232 405
233 405
234 235
234 815
234 1198
234 2154
234 644
234 839
235 1473
235 505
236 1416
236 578
237 238
237 2115
238 453
238 831
238 993
239 240
239 748
239 1064
240 340
240 741
240 1393
240 888
240 1914
240 582
240 2182
240 2194
240 2211
240 683
240 1487
240 1403
240 2165
240 543
240 2230
241 242
241 1443
241 1496
241 724
241 1675
241 519
241 1816
241 1677
241 699
241 1957
241 1978
241 648
241 921
241 334
241 1856
241 487
241 2145
241 1226
241 674
241 1279
241 1721
241 848
241 2240
241 1584
241 712
241 1895
241 700
241 1454
241 1945
241 2333
241 276
241 723
241 915
241 612
242 2282
243 244
244 858
244 1074
244 1182
244 1480
244 1486
244 1067
244 2433
244 1066
245 1007
245 643
245 1501
246 247
246 289
247 2120
247 289
247 876
248 249
249 1158
249 952
250 251
250 1106
250 455
250 1244
250 1313
250 648
250 454
250 1587
250 1610
250 620
250 1707
250 875
250 306
250 1475
250 577
250 536
250 2042
250 1931
250 1866
250 1290
250 2217
250 2275
250 526
250 282
250 1124
250 1839
250 1627
250 874
250 1401
250 809
250 1456
250 1921
250 281
251 1866
251 2379
252 639
253 254
253 1010
253 1692
253 790
253 1198
253 811
253 1191
253 2422
253 1461
254 883
254 1910
255 256
256 605
256 1341
256 2271
257 764
257 1234
257 1230
258 259
258 634
258 482
258 306
258 2036
258 969
258 1499
259 634
259 482
259 2036
260 261
260 867
260 1380
260 1814
260 2184
260 1501
261 299
261 1501
261 639
262 360
262 1076
262 1097
262 1365
262 484
262 1600
262 1669
262 851
262 2052
262 1105
262 1082
262 1364
262 2279
262 2097
262 1096
262 451
263 642
263 659
263 1088
263 1588
263 665
263 1717
263 1571
263 1834
263 2188
263 1337
263 1335
264 265
264 434
264 1159
265 1572
266 267
267 1582
268 269
268 558
268 771
268 299
268 874
268 1670
269 639
269 461
270 647
271 272
271 707
271 756
271 966
271 2014
271 1937
271 1686
271 1585
271 583
272 1266
273 274
273 1084
273 689
273 418
273 1635
273 1391
273 444
273 1634
273 1170
274 1391
274 444
274 418
275 276
275 1200
275 1248
275 1626
275 1353
275 1466
275 1570
275 1707
275 2405
275 2423
275 344
275 1816
276 1397
276 1054
276 748
276 1053
276 569
276 1443
276 902
277 278
277 395
277 551
277 679
277 687
277 639
277 1637
278 1637
279 280
279 1333
279 1544
279 1116
280 1116
280 950
281 282
281 740
281 888
281 874
281 1106
281 1456
281 1587
281 723
281 1544
281 1328
281 1124
281 343
281 1931
281 454
282 1399
282 1681
283 284
283 574
283 1349
283 1366
283 2134
284 574
284 1687
285 286
285 678
285 1136
285 1778
285 677
285 1217
285 2375
285 2374
285 973
287 288
287 1904
287 768
287 1484
288 1278
288 1484
288 1857
288 494
288 1036
289 2303
290 291
290 794
290 1983
290 2076
290 482
290 985
290 845
291 458
291 958
293 294
293 2315
294 1146
294 1129
295 938
295 1203
295 872
295 584
296 297
296 1993
296 464
297 578
298 379
298 1285
298 1321
298 889
298 936
299 1894
299 2021
299 948
299 1832
300 301
300 1302
300 912
300 1512
300 1847
301 2317
302 1071
302 1089
302 639
302 1832
303 304
303 315
304 525
304 961
305 306
305 1513
305 447
305 512
305 969
306 634
306 969
306 1044
306 1499
306 1334
306 1513
306 1788
306 1860
306 2150
306 2190
306 2337
306 1496
306 455
307 308
307 462
307 1378
309 310
309 435
309 1515
309 1533
309 1621
309 2074
309 1911
309 2004
309 436
309 727
309 1222
311 312
311 422
311 2387
313 314
313 1279
314 857
314 1796
314 614
314 1246
314 1279
314 1398
315 316
315 1284
315 1676
316 1489
317 991
317 1596
318 319
318 1302
318 2222
318 2412
319 537
319 1178
319 1357
319 1740
319 1072
319 563
319 1846
319 2207
321 322
321 459
322 472
323 324
323 600
323 847
323 1155
323 1558
323 749
323 1603
323 1433
323 1503
323 578
323 2058
323 1154
323 731
324 731
324 1155
324 1413
324 1584
324 1685
324 565
324 2058
325 548
325 1664
325 793
326 327
326 1668
326 559
326 533
326 1143
326 2355
327 2012
327 1992
327 1656
328 329
328 1464
330 440
330 595
330 965
330 1255
330 865
330 837
330 584
330 585
331 332
331 402
331 924
331 1222
331 797
331 1263
331 2006
331 1996
331 1659
331 1405
331 2245
331 838
331 2299
331 1535
331 2386
331 1059
333 334
333 1242
333 1322
334 1644
334 1612
334 458
334 1322
335 336
335 380
337 338
337 1607
337 2116
338 783
338 1722
339 442
340 977
340 1109
340 2404
340 1065
341 342
341 1061
342 656
343 771
344 345
344 794
344 958
345 474
345 702
345 1689
345 1518
345 2095
345 1126
345 682
345 681
346 347
346 877
346 1969
347 1159
347 1507
348 735
349 350
349 605
349 1431
350 911
351 352
351 1318
351 537
352 865
352 537
353 354
353 1069
353 2078
354 806
354 1069
354 1762
354 2078
354 1256
355 356
355 1121
356 1237
356 702
356 662
356 987
356 694
356 1683
357 2253
357 2328
357 2161
359 858
359 2149
360 361
360 972
360 851
360 1790
360 1660
360 2198
361 1790
361 1187
361 972
362 1930
363 364
364 948
365 374
365 384
365 699
366 367
366 516
366 1087
366 1267
366 1639
366 1442
366 1538
366 2231
366 1923
366 519
367 1163
367 2414
368 369
368 667
370 371
370 722
370 2131
372 1307
372 1431
373 1406
373 464
373 2171
374 1916
375 376
375 477
375 1432
375 1777
375 619
375 618
375 579
375 1907
375 980
375 2309
375 380
375 2449
375 1034
376 697
376 732
376 1518
376 1589
376 1549
376 1887
376 1802
376 564
376 489
376 1259
376 1215
376 2324
376 437
376 2018
376 454
376 2158
376 905
376 2334
377 378
377 457
377 1962
377 661
377 2280
378 449
378 457
378 444
378 2328
378 1554
379 1011
379 1321
379 936
379 889
380 1389
381 382
381 800
381 2326
381 1862
382 750
382 1114
382 1414
382 1157
382 1862
383 384
383 643
383 699
383 639
384 1491
384 1261
384 2468
385 386
385 502
385 607
386 502
386 1171
387 388
387 621
387 1728
387 2088
388 1427
388 1859
388 390
388 1727
389 390
389 1888
389 1063
389 515
389 514
390 621
390 2137
391 392
391 992
391 1617
391 447
391 2462
392 2152
392 1929
393 394
393 673
393 674
393 1578
393 1671
394 764
394 458
394 1935
394 2080
395 687
395 639
396 397
396 1128
396 732
397 564
397 732
397 618
397 437
397 1038
397 1802
397 1907
397 1139
397 1883
397 1547
397 2277
397 1780
397 733
397 1128
398 399
398 2476
399 1344
399 413
399 1898
399 871
400 1768
400 513
400 1457
400 480
401 1759
401 436
402 2149
404 405
404 644
404 815
404 2015
404 2208
405 644
405 580
405 1873
405 1523
405 1851
406 407
406 575
406 576
406 1145
407 2008
408 409
408 994
408 699
408 1875
409 537
409 1335
409 866
411 412
411 1568
411 1332
412 778
412 1611
412 1873
412 1199
412 1332
412 1479
412 1568
413 414
413 871
415 416
416 546
416 1714
416 2199
416 1509
417 418
417 1372
417 1678
418 420
418 456
418 689
418 1238
418 1286
418 1709
418 777
418 1635
418 1634
418 776
418 2241
418 2321
418 1391
418 1243
418 1084
419 933
419 1739
420 777
420 1634
421 422
421 1373
421 713
422 1031
422 1114
422 581
422 639
422 2229
422 699
422 1373
422 713
422 750
422 2442
423 1257
423 1675
423 958
424 425
424 444
424 753
425 448
425 754
426 427
427 1295
428 429
428 780
428 508
429 780
429 1375
430 431
430 540
430 580
430 1575
430 504
430 2483
431 1575
431 541
432 1329
432 2267
433 434
433 524
433 1674
434 1849
434 1953
434 2077
434 1516
435 436
435 1876
435 1911
436 1107
436 727
436 1911
437 438
437 506
437 1195
437 1442
437 1259
437 1572
437 2048
437 543
437 2026
437 2027
437 1412
437 1130
437 1118
437 2145
437 1128
437 914
437 2350
438 1128
438 637
438 641
438 2127
438 1883
438 1118
438 732
438 2026
439 2026
439 2366
440 666
443 444
443 1913
443 1331
443 777
444 553
444 799
444 1084
444 1247
444 1331
444 1392
444 1599
444 604
444 599
444 1913
444 1243
444 1635
444 456
444 2161
444 1286
444 777
444 1119
444 1634
444 1609
444 776
444 2241
444 1170
444 2280
444 589
445 692
445 1966
445 2252
445 464
446 639
446 717
446 602
447 726
447 1362
448 1119
448 753
449 1451
449 1758
449 879
450 1969
450 1542
451 452
451 796
451 2193
451 1954
452 2193
452 1137
453 743
454 455
454 648
454 875
454 1675
454 1779
454 1945
454 1106
454 2030
454 1610
454 732
454 2204
454 2240
454 874
454 1456
454 991
454 1475
455 526
455 1839
456 777
457 1609
458 845
458 921
458 971
458 1035
458 1220
458 1087
458 1267
458 1273
458 1226
458 1538
458 1676
458 1192
458 478
458 2138
458 519
458 859
458 1194
458 1856
458 1983
458 2076
458 1078
458 2383
458 1924
458 481
458 701
459 460
459 472
459 1262
459 1886
459 1885
459 996
459 2103
460 996
460 1688
461 669
461 910
461 2112
462 2360
463 464
464 627
464 635
464 609
464 825
464 1006
464 1183
464 1317
464 1449
464 1483
464 1151
464 1569
464 1207
464 1729
464 1604
464 1601
464 1818
464 1893
464 1041
464 1946
464 1759
464 1993
464 1125
464 2082
464 1093
464 904
464 827
464 1295
464 1235
464 1560
464 1843
464 903
464 2096
464 711
464 715
464 1223
464 2455
464 1374
465 466
465 844
465 984
465 1167
465 1199
465 1217
465 1749
465 1835
465 1858
465 1951
465 621
465 2041
465 2197
465 1640
465 1394
465 1447
465 2451
465 1353
465 2464
465 1738
465 2465
465 985
465 2393
466 955
466 1199
466 1159
466 1507
467 468
467 2003
467 903
467 1356
467 627
467 1768
467 2046
467 1457
467 2447
467 876
468 2344
469 1679
470 471
470 2232
471 1214
471 2343
472 473
472 1885
472 996
472 2016
473 996
473 2016
475 476
475 2411
476 1194
476 2411
476 860
478 1126
479 480
480 834
480 1467
481 482
481 1856
482 958
482 2036
483 484
483 602
483 711
483 941
483 1040
483 1033
483 1001
483 1380
483 1164
483 826
483 1034
483 803
483 2125
483 2300
484 941
484 1037
485 486
485 1928
485 2172
485 2021
485 1693
485 976
485 2071
486 975
486 2021
487 1195
487 1895
487 1240
487 794
488 489
488 1403
488 543
488 1421
488 1559
489 1432
490 491
490 1056
490 1666
493 948
493 920
494 495
494 1232
494 1036
495 1232
496 1464
497 498
497 917
497 1977
497 1368
497 957
498 1770
499 500
499 1508
499 693
500 1508
500 597
500 2175
501 698
501 2090
501 2220
501 1840
502 503
502 1115
502 1171
502 1086
502 1591
502 608
502 1632
502 1661
502 607
503 1171
503 1661
504 505
505 539
505 1473
505 1353
505 1867
505 2011
505 2092
505 1466
506 1159
506 2177
506 1385
506 1085
507 508
507 594
507 1085
507 1899
507 2249
507 1833
507 876
507 2236
508 1127
508 1314
509 698
509 1196
509 1393
509 1646
510 1388
510 2392
510 1759
511 512
511 1475
512 1334
512 652
512 2057
513 1176
514 515
514 591
514 1190
514 1563
514 1622
514 1063
514 2225
515 1190
515 1888
516 1008
516 1796
516 1160
517 518
517 1279
517 847
517 2167
517 1670
517 2319
517 2163
518 601
518 741
518 682
518 974
518 583
518 1570
518 1441
518 582
518 2126
518 1442
518 2162
518 1520
518 1782
519 520
519 1267
520 975
520 696
520 2298
520 1353
521 522
521 951
521 884
521 1346
521 885
521 1003
521 1892
521 1104
521 2056
521 2094
521 720
521 719
521 1657
521 1251
521 2285
521 2394
521 1274
521 2127
521 1747
522 1003
522 1747
523 1423
524 1674
524 1763
525 1320
525 1252
526 527
526 646
526 1925
527 988
527 1169
527 809
527 819
528 529
528 990
528 1526
528 1564
528 2242
529 2060
530 531
530 2156
530 1658
531 1535
531 1658
531 2156
532 533
532 1056
533 1143
533 1629
533 754
533 1278
533 1428
533 1429
533 1027
533 1901
534 535
534 1967
534 1762
534 1767
534 1133
534 1256
534 1430
535 806
535 823
535 1256
537 563
537 1307
537 1431
537 1072
537 1318
537 1516
537 2034
537 1846
538 626
538 639
538 643
539 2092
540 541
542 543
542 757
542 760
542 1667
542 1259
543 1312
543 1128
543 697
543 1412
543 1897
544 545
544 1468
544 1115
544 1979
544 766
544 767
544 629
544 1797
544 1541
544 1631
545 1504
545 1979
545 767
546 1195
547 662
547 1121
548 549
548 1203
549 1203
549 1664
549 2091
549 584
550 1623
551 639
553 776
553 777
554 1229
554 830
554 2294
555 556
555 1176
555 1470
556 688
556 718
556 579
556 1079
556 1207
557 937
557 1659
558 1894
558 699
558 2111
559 560
559 1251
559 1562
559 1056
559 2252
559 2056
559 1629
559 2400
559 1143
559 2001
559 1668
559 2285
560 706
560 1428
560 1143
561 878
563 1072
564 732
564 1216
564 1215
565 566
565 1685
566 1127
566 1462
566 1181
567 568
567 1019
567 905
567 1559
568 1421
568 1559
568 732
569 1053
570 571
570 742
570 894
570 2141
570 1028
571 894
572 573
572 1134
572 1532
572 1799
574 1687
574 2134
575 576
575 708
575 1402
575 1785
575 578
576 828
576 671
576 1145
576 1952
576 675
576 1289
576 1208
576 672
577 578
578 703
578 1070
578 687
578 1402
578 1415
578 1567
578 1055
578 1670
578 1480
578 795
578 1824
578 1901
578 1955
578 1245
578 781
578 2105
578 1043
578 2177
578 828
578 2200
578 2117
578 2082
578 1317
578 2307
578 1647
578 2013
578 2363
578 2089
578 1042
578 1958
579 712
579 1573
581 668
581 694
581 1237
581 1373
581 713
582 583
582 741
582 1359
582 1684
582 765
583 1524
584 585
584 965
584 1654
584 1773
585 1255
586 587
586 1455
587 1455
588 1598
588 624
588 2109
588 625
588 1161
588 1935
588 1023
589 590
589 2043
589 692
590 1653
590 1701
590 1980
591 1136
591 1888
592 593
592 1781
592 1602
592 1851
593 1602
594 1314
595 1255
595 666
596 597
596 1117
597 693
597 1410
597 787
597 1917
597 1859
597 2421
598 599
600 917
600 1433
601 2279
602 768
603 604
603 1286
604 1170
604 1599
605 606
606 1175
606 1255
606 615
606 1174
606 1272
606 1438
606 1880
607 608
607 775
607 1632
608 1171
608 1661
608 1632
608 775
610 649
610 659
610 772
611 1544
612 613
612 1031
612 1586
612 1881
612 948
612 2442
613 2344
614 1796
614 1398
615 649
615 659
616 617
616 631
616 692
616 2109
617 692
618 619
618 765
618 1677
618 1630
618 820
618 1777
618 1907
618 1530
619 2230
619 2237
619 1907
619 1677
620 1456
621 1738
621 1427
621 2088
621 1614
622 623
622 2022
623 1101
624 625
625 1932
626 1126
627 1385
627 2445
628 629
628 886
628 927
629 2458
630 1817
631 692
632 633
632 703
632 1043
632 654
632 904
632 1768
632 1457
632 1042
632 2346
633 1505
634 2036
635 692
636 637
637 641
637 990
637 1795
637 989
638 639
638 699
638 978
638 2005
638 1439
639 925
639 980
639 1712
639 789
639 1034
639 1999
639 1040
639 2085
639 1033
639 2202
639 1032
639 910
639 643
639 1164
639 2300
639 2114
639 2172
639 826
639 2206
639 1020
639 715
639 2068
639 1961
639 1089
639 2413
639 788
640 2066
641 1420
642 1088
642 666
642 2196
643 1164
643 920
643 699
643 1696
644 815
644 2015
644 1461
645 938
645 2415
645 1222
646 737
646 1120
649 773
650 970
650 1093
650 1125
650 1148
650 967
650 1382
650 1601
650 968
650 1048
650 1338
650 1529
650 916
650 2210
650 2280
652 653
652 959
652 1205
652 1751
652 1204
652 2057
653 1751
653 2208
654 655
655 1896
655 903
655 2397
656 1120
656 1456
656 1905
657 658
657 736
657 725
657 2104
657 726
658 725
658 736
658 1076
658 2471
659 660
659 772
659 724
659 2069
659 1766
659 2142
659 1922
660 772
661 2081
662 663
662 987
662 1683
662 1984
663 713
663 1121
665 666
665 1080
666 1088
666 1337
666 1717
666 1335
666 2166
666 1132
667 1180
667 1718
667 1179
667 1719
668 1683
668 987
669 670
669 910
669 1381
669 1345
669 717
669 2206
670 1001
671 672
671 1208
671 2117
671 708
672 1326
673 1671
673 1489
674 1269
675 676
675 1145
677 678
677 2374
677 2011
678 1347
678 973
678 1136
678 1778
678 1217
679 1958
679 1311
680 681
680 850
680 1240
681 1608
681 1240
681 882
681 1936
683 684
683 737
683 883
684 1052
685 686
685 1107
685 1471
685 1472
686 1471
687 699
688 718
688 1470
689 777
689 1634
690 691
690 1729
691 1729
692 721
692 779
692 862
692 1051
692 1072
692 1326
692 1775
692 1153
692 1861
692 1874
692 992
692 948
692 1006
692 1183
692 1845
692 2067
692 1652
692 1613
692 1024
692 2161
692 1409
692 831
692 953
692 1058
692 1239
693 790
693 1234
693 1002
693 1563
693 1622
693 1508
693 2225
693 1917
694 987
694 1683
695 761
696 697
696 1304
696 1539
696 2071
696 1419
698 977
698 1942
698 1268
698 1524
698 2165
698 2376
698 2211
698 974
698 1465
698 2194
698 2307
699 1144
699 1418
699 1089
699 1555
699 711
699 912
699 1807
699 1712
699 978
699 1261
699 1212
699 1282
699 2121
699 2226
699 1510
699 1345
699 1469
699 919
699 948
700 701
700 1226
700 1227
701 1226
701 1225
701 1865
702 1984
702 1683
702 987
704 705
704 1050
704 1938
704 1669
704 943
704 2247
704 1027
704 853
704 1096
706 2161
707 2318
708 795
708 1785
709 710
710 2366
711 1228
712 765
712 1432
712 2297
712 1163
713 1373
713 1209
713 2254
714 715
714 920
714 1228
715 1186
716 911
717 1040
717 1147
717 1546
717 1228
717 2301
718 1079
718 1207
718 2460
719 720
719 884
719 1346
719 1274
720 1274
720 885
720 1346
721 1652
721 779
721 1620
722 1417
722 1444
723 724
724 1060
725 726
725 736
725 1151
726 1776
726 1076
726 2204
727 728
727 838
727 1350
727 2299
727 2219
727 2110
728 2110
728 1263
728 2292
729 730
729 946
729 1640
730 1061
730 1217
730 1296
730 736
732 733
732 905
732 1128
732 1559
732 1883
732 1421
732 914
732 2350
734 1482
734 1589
734 913
734 1129
735 927
735 1430
735 1606
735 2284
736 1626
736 1076
737 1744
737 1760
737 2195
737 1647
738 739
738 1484
738 1594
738 2176
739 2025
739 1197
740 771
742 894
742 1028
743 1804
746 747
746 2047
747 1747
747 1771
747 1772
747 1003
748 1466
748 1422
748 1746
748 1261
748 2146
748 1443
748 1787
748 2170
748 1705
748 2230
749 2087
750 1114
751 752
751 2419
752 1753
752 2316
753 754
753 1119
754 1119
755 1583
755 1032
756 1266
757 1589
757 1474
758 759
758 2207
759 1404
760 1695
760 1159
760 2318
760 1291
762 763
762 1240
762 850
763 881
763 882
763 1586
763 1240
763 1236
764 1017
764 1126
765 1330
766 767
766 1541
767 1091
767 1541
767 1115
768 1186
768 1300
768 1547
768 1904
768 1301
769 770
769 1445
769 1056
769 2246
770 1445
770 1092
770 1470
770 1927
771 981
771 1812
771 1328
772 773
772 939
772 2142
772 2069
772 1766
775 1086
776 777
776 1084
776 2140
776 1243
777 1073
777 1170
777 1243
777 1599
777 1635
777 1331
777 1392
777 2140
777 1634
777 2241
777 1238
778 2224
778 1611
779 1620
779 1652
780 821
781 782
782 1056
784 785
784 1780
784 870
785 870
786 787
786 1851
786 1917
786 2421
788 789
790 1820
790 2175
790 1943
791 1001
792 1253
793 887
793 907
793 1203
794 2174
794 1538
795 796
795 1426
795 1733
795 1928
795 1055
795 2021
797 798
797 1522
798 2091
798 2166
798 2098
800 801
800 1340
800 2295
802 803
802 1696
802 1972
802 1961
803 1581
804 805
804 1960
804 1886
804 1885
804 996
805 972
805 2052
805 1960
806 807
806 983
806 1256
806 908
806 1708
806 1221
806 1762
806 823
806 1956
806 824
806 2078
806 2367
807 909
808 1551
808 2107
809 883
809 1163
809 1806
810 811
810 986
810 1614
810 1728
810 1234
811 1615
811 1234
811 1563
811 1276
811 2225
812 1638
813 814
813 1655
813 2029
813 1950
813 2002
814 2002
814 2029
814 2288
814 1425
815 1519
815 2015
816 817
817 2380
818 1545
818 1753
819 820
819 988
819 1252
819 1120
819 1907
819 1744
819 1273
819 1530
819 1077
819 1839
819 1647
820 1530
820 1646
821 822
821 1554
821 1009
822 1009
822 1271
822 2039
822 1966
823 824
823 1004
823 1956
823 1762
823 1299
823 1798
823 2038
823 1941
823 2367
823 2431
823 2157
824 908
825 1601
825 1529
826 1693
827 828
827 2259
828 1950
829 830
829 2015
829 2130
830 2294
830 1434
830 2130
831 1409
833 1360
833 1179
834 1753
834 1467
835 1542
835 1875
835 1588
835 1525
836 2273
837 1059
839 840
839 1198
840 1989
840 1198
842 843
842 930
843 930
845 1983
845 2076
846 847
846 1316
846 1383
846 1595
848 1776
849 964
850 1750
851 852
851 972
851 1105
852 995
853 854
853 927
855 856
855 1741
855 1323
856 1323
856 2221
857 1246
857 1279
857 1456
859 860
861 1616
861 2251
863 864
863 1627
864 1627
865 866
865 1540
865 2073
865 1318
865 965
865 2151
866 1500
866 2205
866 2341
868 869
868 1688
869 1731
869 2119
872 873
872 1060
872 1123
872 960
872 1022
872 1765
872 1448
872 1876
872 1947
872 1203
873 1123
874 875
875 1573
875 1052
876 877
876 899
877 1385
878 1800
879 880
879 1294
879 1648
879 1927
881 1236
881 882
881 1989
882 1750
883 1010
883 1760
884 885
884 1274
884 1346
885 1274
886 2003
887 1477
887 1390
887 1715
888 1065
888 2261
888 1064
889 890
889 936
889 1068
889 1321
889 1819
889 1358
889 2065
889 1285
889 2108
889 2234
889 2358
890 1068
891 892
891 1523
891 1827
892 1619
892 2072
893 1505
894 2141
894 1028
894 1029
895 1809
895 1025
897 898
897 1108
897 1149
897 1792
897 1324
897 1111
898 1111
898 2304
899 2459
900 1157
900 1540
900 1694
900 2168
901 902
901 1028
901 2124
902 2438
903 904
903 1231
903 1317
903 1723
903 1449
903 1042
904 1249
904 1250
905 2350
905 1482
906 907
906 1389
906 1829
907 1350
907 1405
907 1030
907 2219
907 1715
908 909
908 1221
908 2078
908 1708
908 2038
911 912
911 964
911 1113
911 1388
911 1231
912 2266
913 914
913 1130
913 1482
914 1412
914 1883
914 1474
914 1130
914 2336
917 957
917 1770
917 1433
918 1771
919 920
919 2192
920 948
921 1794
921 2138
922 923
922 1702
922 1400
922 1411
922 1648
923 1400
925 926
926 2206
926 2068
927 1585
927 2369
927 2129
927 1606
929 930
929 1012
929 2470
929 1592
930 1012
931 932
931 1577
931 1157
932 1906
932 1414
933 983
933 1967
934 935
936 1321
936 1011
937 997
937 1659
938 1203
939 940
940 2069
942 943
942 1082
942 1050
942 2247
943 1660
944 945
944 1543
944 1801
945 1431
946 1826
946 1640
947 948
948 1598
949 950
949 1116
949 2186
950 1116
953 954
953 1024
953 1023
955 956
958 979
958 1156
958 1854
958 1783
958 2024
958 1227
958 2190
958 1983
958 2467
958 1544
960 1765
962 963
962 1319
963 1319
963 2101
964 1360
964 1582
965 1255
967 968
967 1965
968 1048
968 2180
969 1334
969 2036
969 1513
972 995
972 2293
972 2052
972 2264
973 1217
973 1136
974 1646
974 1997
975 976
975 1803
975 1329
975 2071
975 1928
975 2021
977 1465
977 1065
977 1064
978 1345
978 1712
978 2229
978 2005
978 1031
978 2442
980 1025
980 1034
983 1298
983 2049
983 1940
986 1615
986 2352
986 1276
987 1237
987 1683
989 990
989 1497
989 1795
989 2094
992 2128
993 1326
995 996
995 1096
996 1262
996 1521
996 1885
996 2016
996 1688
996 1886
997 2296
998 999
998 1491
999 1491
1000 1001
1000 1825
1001 2178
1002 2072
1003 1193
1003 1274
1003 1746
1003 1747
1004 1798
1004 2157
1006 1295
1006 1510
1007 1920
1007 1813
1008 1970
1009 1553
1010 1910
1013 1014
1013 1537
1014 1537
1014 1157
1014 1431
1015 1016
1015 1297
1016 1297
1016 2024
1016 1387
1017 1059
1017 1748
1017 1974
1018 1863
1018 1022
1018 2274
1018 2432
1019 1559
1020 1021
1020 1363
1021 1667
1021 2050
1022 1188
1023 1024
1025 1348
1026 1361
1026 2035
1026 1825
1028 1029
1028 2033
1028 2141
1028 2189
1029 2141
1032 1033
1032 1131
1032 1036
1035 2231
1035 1520
1036 1037
1036 1122
1036 1464
1036 1992
1037 1122
1037 1484
1038 1039
1038 1481
1039 1805
1040 1809
1040 2202
1041 1042
1041 1223
1041 1673
1041 1843
1041 1070
1041 1374
1042 1056
1045 1046
1046 1165
1046 1867
1047 1793
1051 1701
1051 1784
1051 1980
1051 1845
1052 2204
1053 1054
1053 1422
1053 1397
1055 1056
1055 1782
1056 1092
1056 1562
1056 2117
1056 1665
1056 2356
1056 2366
1056 1445
1057 1058
1058 2017
1058 2063
1059 1060
1059 1110
1059 1534
1059 1492
1059 2061
1059 1401
1062 1063
1062 1858
1062 1859
1062 2088
1062 1727
1062 1738
1064 1065
1064 1109
1064 1565
1064 1530
1065 1385
1066 1067
1066 2067
1067 1074
1067 1959
1068 2234
1069 1690
1069 1732
1069 1838
1070 2357
1071 1089
1071 1131
1071 1164
1072 1577
1072 2034
1073 1392
1075 2444
1075 1374
1076 1151
1077 1078
1077 1196
1077 1493
1077 1273
1077 2201
1077 1869
1077 1415
1077 1416
1079 1673
1080 1081
1081 1113
1082 1870
1082 1669
1083 1834
1086 1171
1087 2409
1088 1582
1088 2196
1089 1581
1090 1091
1090 1631
1091 1649
1092 1445
1092 1446
1093 1560
1094 1095
1094 1431
1095 1836
1095 1431
1095 2371
1095 1922
1096 1097
1096 1105
1096 1938
1096 2052
1097 1105
1097 2097
1098 1099
1098 1736
1099 1735
1099 1736
1100 2118
1101 1102
1102 2475
1103 1104
1103 1118
1103 1636
1103 1897
1104 1118
1104 1274
1105 1187
1105 2055
1105 2198
1105 1660
1107 1773
1108 1260
1108 1720
1108 2136
1108 1324
1108 2351
1108 1172
1110 2126
1111 1149
1112 2255
1112 1550
1112 1305
1112 1306
1113 2265
1116 1117
1116 1177
1118 1572
1118 1636
1118 2026
1118 2322
1118 2027
1120 1905
1120 2195
1120 1424
1121 1683
1122 1484
1124 1837
1126 2065
1127 1181
1127 1505
1127 1462
1128 1887
1128 1802
1129 1130
1132 1380
1132 1571
1133 1967
1137 1138
1137 2193
1138 1531
1138 2289
1139 1140
1140 1162
1140 2169
1141 1142
1141 1934
1141 1887
1142 1872
1142 2158
1142 1887
1142 2290
1142 1934
1142 1544
1143 1668
1143 2355
1145 1289
1146 1412
1148 1554
1149 1444
1149 2187
1150 1151
1151 1536
1151 1202
1151 1869
1151 2268
1154 1155
1154 1502
1154 1503
1156 1509
1156 1597
1157 1571
1157 1740
1157 2207
1157 1414
1157 1540
1157 2222
1160 1161
1160 1808
1161 2159
1161 1424
1162 1163
1162 1269
1162 2306
1162 1867
1163 1267
1164 1228
1165 1166
1168 1383
1168 1595
1169 1353
1169 2276
1170 1599
1170 1286
1172 1173
1172 1280
1172 1324
1172 1281
1173 1324
1173 1281
1174 1175
1176 1470
1178 2256
1179 1180
1180 1769
1183 2484
1184 1185
1184 1366
1186 2192
1189 2005
1190 1888
1191 1192
1191 1292
1192 1292
1193 1746
1193 1771
1194 1353
1195 1303
1195 2145
1196 1336
1196 1716
1196 1646
1196 1933
1196 2155
1197 1232
1197 2025
1197 1830
1197 1714
1197 1656
1198 1199
1198 1988
1199 1394
1199 1217
1199 1447
1199 1568
1199 2393
1201 1202
1201 1320
1201 2287
1202 2333
1202 1812
1202 2482
1203 2006
1203 1621
1203 2091
1203 1664
1204 1205
1205 1399
1206 1485
1208 1326
1209 1210
1209 1920
1209 2258
1211 1212
1213 1968
1213 1477
1214 1630
1214 1742
1215 1216
1215 1802
1215 2277
1217 1778
1218 1219
1218 2238
1219 2238
1220 1783
1223 1673
1224 1225
1224 1226
1224 1864
1226 1227
1226 1783
1226 1639
1226 1864
1227 1872
1229 1230
1229 2294
1232 1580
1232 1857
1233 2028
1234 2452
1235 1236
1235 1510
1236 1586
1237 1683
1240 1241
1240 1287
1240 1290
1240 1353
1240 1943
1240 1608
1240 2079
1240 1999
1240 1936
1240 1850
1240 1645
1240 1586
1241 1645
1243 2140
1246 1279
1246 1796
1247 1338
1247 1382
1249 1250
1249 2346
1251 2096
1254 1899
1254 1315
1255 2235
1257 1258
1258 1855
1258 2148
1262 1521
1262 2016
1262 2426
1263 2270
1264 2227
1265 1266
1265 1294
1266 1686
1266 1585
1267 2036
1268 1269
1269 1460
1269 1931
1269 1538
1269 1707
1270 1271
1270 2364
1273 1524
1274 1346
1274 2311
1275 1276
1276 1614
1276 1615
1277 1278
1277 1761
1277 1857
1277 1629
1277 2203
1277 2302
1277 2447
1277 1901
1278 1857
1278 1484
1279 1398
1279 1796
1280 1281
1280 1324
1281 1324
1284 1822
1285 1819
1285 1358
1285 2358
1286 1599
1287 1691
1287 1808
1287 1707
1289 1326
1290 1691
1290 1707
1292 1692
1293 1294
1293 1511
1293 1991
1293 1927
1294 1511
1294 1381
1294 1927
1294 2143
1295 1510
1296 2212
1298 1299
1298 1940
1299 1325
1300 1301
1302 1847
1302 1740
1303 2173
1303 1547
1304 1419
1305 1306
1305 1356
1305 1550
1305 1823
1306 1550
1307 1431
1307 1734
1307 2188
1307 2373
1307 1651
1309 1310
1309 1806
1311 2353
1311 1516
1313 2417
1313 1461
1314 1315
1315 2407
1315 1574
1316 2345
1317 1730
1319 1722
1320 2481
1322 1612
1323 2221
1324 2351
1326 1838
1326 2117
1326 2115
1329 1470
1329 2019
1329 2135
1329 1549
1329 1759
1329 2267
1332 1333
1332 1568
1334 1869
1338 1339
1339 1382
1340 1341
1340 1786
1340 1674
1340 2047
1341 1431
1342 1343
1342 1648
1343 1823
1343 1900
1343 1963
1343 1506
1343 1929
1343 1356
1344 1743
1345 1469
1349 1537
1350 1715
1351 1352
1352 1592
1352 2191
1353 1895
1353 2244
1353 2276
1353 1999
1354 1355
1354 1495
1354 2113
1354 2388
1354 2084
1356 1758
1357 1571
1357 1756
1360 1582
1360 1543
1360 1801
1360 1388
1361 1544
1362 1737
1363 1699
1363 2370
1364 1365
1364 1703
1364 2097
1365 1703
1365 2097
1368 1369
1369 2148
1370 1371
1376 1377
1377 1844
1378 1379
1380 1381
1380 1710
1380 1814
1380 1501
1380 2125
1380 1721
1380 1813
1380 2355
1383 1595
1384 1385
1384 2087
1386 1387
1387 2075
1387 1443
1388 1834
1388 1849
1388 2077
1388 1985
1389 2436
1393 1490
1394 1447
1395 1396
1396 2129
1396 2221
1398 1399
1398 1796
1400 1972
1400 1879
1402 1785
1404 1576
1405 1556
1405 1659
1405 2100
1405 2338
1406 2171
1407 1408
1407 2308
1408 1869
1410 1917
1411 1972
1411 1879
1413 1584
1414 1654
1414 1906
1415 1416
1416 1848
1416 2307
1418 1809
1419 1420
1419 1803
1420 2007
1421 1454
1423 1424
1423 1972
1423 2080
1425 2029
1426 1928
1426 2243
1427 1528
1428 1429
1428 1459
1428 2051
1429 2096
1429 2302
1429 1648
1431 1922
1431 2371
1431 1836
1434 1435
1434 2130
1435 1508
1435 2015
1435 2422
1435 1851
1437 1438
1441 1442
1442 1520
1442 1924
1443 1787
1445 1446
1448 1765
1450 1451
1450 1758
1452 1453
1452 1628
1452 2214
1453 2398
1457 1467
1458 1459
1458 2104
1458 2153
1459 1711
1460 1461
1460 1882
1462 1463
1462 1685
1462 1551
1464 1992
1464 2176
1465 1490
1466 1704
1467 1753
1467 1768
1468 1504
1468 1979
1471 1472
1471 1773
1472 1773
1476 1477
1476 1890
1477 1607
1478 1479
1478 1611
1481 1482
1481 2070
1483 1514
1484 1761
1484 1594
1484 1904
1484 1547
1487 1488
1487 2182
1489 1748
1489 2162
1489 2320
1489 1854
1489 1983
1489 1671
1489 2467
1493 1573
1496 2042
1499 2150
1502 1503
1503 2058
1506 1507
1506 1929
1507 2286
1507 2448
1508 1602
1508 1851
1508 2015
1508 2175
1510 1532
1510 1815
1510 2226
1511 1991
1513 2337
1516 2004
1516 2063
1516 2077
1521 2016
1522 1566
1523 1827
1524 2040
1526 1527
1526 1564
1535 1996
1536 2268
1538 1983
1540 2073
1540 2331
1542 1588
1543 1990
1543 1800
1544 1891
1545 2469
1546 1825
1546 2330
1548 1549
1550 2239
1551 1552
1551 2107
1552 2086
1553 1554
1554 1609
1556 2100
1557 2326
1558 2047
1564 2242
1565 2220
1565 2404
1569 2361
1571 1588
1571 1654
1571 2412
1573 1806
1573 2217
1574 2407
1576 1577
1576 2087
1576 2295
1576 2047
1576 2266
1578 2048
1578 1667
1579 2424
1580 2368
1582 2314
1584 1585
1585 1686
1586 1936
1586 2079
1586 2454
1589 1780
1590 2296
1592 2453
1592 2191
1593 1936
1593 2195
1594 1672
1594 1992
1594 2176
1596 1597
1598 1700
1600 2198
1602 1781
1603 1678
1603 1962
1603 2472
1604 1815
1605 2391
1606 2147
1607 2116
1614 1615
1616 1764
1617 1618
1619 2382
1620 1652
1620 2118
1622 2225
1623 1624
1626 1815
1626 1704
1628 2114
1632 1633
1634 1635
1638 1773
1638 1846
1640 1641
1640 1909
1642 1662
1643 1918
1644 1848
1644 1866
1646 1647
1646 1782
1646 1921
1646 2163
1650 1651
1650 1734
1653 2313
1655 1950
1655 2002
1656 1830
1659 1683
1659 1697
1660 1669
1660 2181
1662 1663
1664 2435
1665 1666
1669 2198
1672 1713
1674 1763
1674 2047
1680 2044
1681 1682
1683 1774
1683 1984
1687 1881
1688 1731
1689 2389
1690 1732
1694 2168
1695 1735
1697 1698
1701 1845
1701 1784
1702 2048
1704 1989
1705 1706
1706 2233
1709 2321
1712 2172
1713 1714
1714 1857
1714 2025
1715 2296
1718 1719
1722 2123
1723 1724
1723 2362
1724 2122
1724 2259
1725 1726
1725 1866
1727 1728
1727 2054
1728 1859
1728 2088
1735 1736
1740 2412
1742 2396
1744 2297
1745 1757
1746 1747
1747 1771
1747 1772
1748 1974
1754 1755
1754 1948
1755 2369
1755 2191
1757 1758
1770 1926
1771 1772
1771 2347
1771 2434
1782 1787
1783 1872
1783 2414
1784 2406
1784 1845
1789 1880
1789 2418
1798 2157
1798 2038
1800 1801
1801 1990
1804 1821
1806 2040
1807 2226
1808 2408
1809 1810
1811 1812
1811 2039
1811 1932
1814 2263
1814 2312
1818 1893
1824 2473
1825 2089
1826 1909
1827 1828
1828 1939
1828 1943
1831 1832
1832 2405
1833 1906
1838 2132
1839 1840
1839 1866
1840 1884
1840 2337
1841 1842
1841 2170
1843 2062
1844 2222
1846 2047
1848 2217
1849 2077
1850 2378
1851 2015
1852 1853
1855 1910
1858 1859
1859 2088
1861 2401
1863 2420
1864 1865
1867 2461
1868 1869
1869 1925
1869 2319
1869 2316
1870 1871
1872 2425
1874 2009
1877 1878
1877 2329
1883 2070
1885 1886
1885 2102
1887 2158
1887 1934
1888 2429
1890 1891
1900 1929
1901 2302
1909 2325
1910 2327
1911 1912
1914 1915
1918 1919
1918 2213
1923 1924
1925 2307
1926 1927
1928 2021
1930 2078
1937 2014
1938 2264
1940 1941
1940 2049
1941 2038
1946 2365
1948 1949
1948 2191
1949 2191
1950 2002
1952 2211
1955 2200
1957 2108
1958 1959
1962 2081
1970 1971
1974 2080
1975 1976
1977 2148
1978 2377
1980 2043
1981 1982
1982 2022
1982 2348
1983 2076
1985 1986
1988 1989
1992 2420
1994 1995
1994 2286
1994 2427
1994 2428
1997 1998
1999 2174
2000 2001
2004 2074
2006 2091
2008 2009
2018 2019
2021 2071
2021 2112
2022 2250
2024 2126
2024 2261
2026 2027
2032 2133
2033 2438
2039 2281
2044 2188
2047 2266
2048 2248
2051 2402
2053 2084
2056 2096
2059 2060
2062 2259
2062 2316
2063 2265
2063 2479
2064 2065
2064 2457
2065 2358
2073 2205
2073 2341
2076 2414
2083 2134
2091 2098
2093 2179
2096 2285
2097 2293
2102 2103
2103 2262
2103 2410
2105 2343
2106 2107
2111 2112
2136 2351
2139 2342
2143 2144
2143 2354
2149 2340
2150 2190
2164 2267
2170 2171
2170 2362
2177 2183
2177 2399
2215 2216
2222 2223
2223 2270
2252 2400
2273 2372
2275 2439
2284 2348
2298 2349
2302 2440
2304 2305
2324 2441
2334 2335
2362 2384
2365 2444
2384 2477
2391 2450
2408 2409
2414 2425
2429 2430
2462 2463
